sorting: KO 
934 649 11 491 389 369 127 134 920 781 543 916 982 290 979 97 17 362 980 569 23 175 715 544 554 789 236 701 393 220 146 873 464 766 166 713 189 29 955 40 925 854 998 184 917 763 656 928 163 683 945 547 859 287 839 673 243 956 167 148 165 238 999 10 149 849 638 840 892 31 116 141 614 976 973 680 577 896 940 259 103 197 61 333 541 345 700 303 913 486 600 948 431 298 632 827 395 624 519 906 

sorting: KO 
806 952 335 699 625 83 411 484 979 723 313 580 621 51 81 926 478 710 706 160 565 113 752 858 887 41 474 769 985 989 166 90 376 424 603 473 853 456 891 814 75 226 516 502 554 822 702 223 294 666 190 546 248 919 186 401 112 280 766 407 614 462 681 107 219 98 517 942 611 490 798 545 267 134 164 491 428 595 586 123 587 616 615 135 370 953 862 202 870 481 639 323 533 638 265 695 777 289 624 628 

sorting: KO 
402 180 299 918 823 970 259 498 378 788 173 764 419 121 89 275 793 385 771 497 118 34 471 486 474 376 953 434 479 394 602 453 824 675 736 421 531 660 194 628 233 732 508 96 706 400 134 942 360 397 541 583 917 224 477 768 352 879 56 570 579 236 11 559 773 166 892 795 293 353 317 657 366 335 218 915 197 966 280 832 967 938 913 944 576 977 964 600 499 91 775 710 573 926 540 157 752 723 653 726 

sorting: KO 
144 290 687 842 504 790 791 113 544 735 601 472 172 166 432 341 662 715 960 778 699 480 38 162 823 471 752 709 81 997 946 613 952 280 279 682 676 114 679 933 619 469 655 604 312 725 796 213 385 366 550 691 336 475 198 218 562 549 617 573 559 564 659 416 749 242 539 700 825 149 683 227 581 394 909 826 585 886 757 56 534 343 508 942 955 263 739 853 901 331 451 744 926 104 464 356 551 497 633 430 

sorting: KO 
414 520 277 313 937 658 211 928 279 327 231 553 243 217 91 814 974 684 652 407 438 863 628 350 527 892 654 380 532 22 908 95 571 141 464 500 154 934 728 251 12 769 398 290 779 126 925 663 560 539 45 288 635 986 134 704 292 235 315 357 806 879 904 760 409 851 825 912 827 146 456 983 72 971 530 862 710 899 285 399 671 320 642 208 121 287 568 82 948 993 742 870 274 445 494 359 692 330 672 216 

